0.12
0.02
0.04
0.40
0.93
0.92
0.81
0.12
0.92
0.00
0.13
0.93
0.00
0.94
0.92
0.24
0.25
0.92
0.02
0.93
0.95
0.01
1.06
0.22
0.93
0.00
0.21
0.94
0.23
0.94
0.94
0.46
0.21
0.94
0.96
0.97
0.34
0.95
0.95
0.97
0.44
1.00
0.58
0.03
0.95
0.93
0.94
0.93
0.93
0.93
0.93
0.93
0.93
0.02
0.93
0.93
0.92
0.56
0.93
0.92
0.92
0.93
0.93
0.94
0.93
0.93
0.96
0.92
0.93
0.94
0.95
0.94
0.94
0.94
0.93
0.94
1.18
1.00
0.92
0.34
0.63
0.40
0.92
0.93
0.93
0.08
0.37
0.00
0.94
0.93
0.93
0.93
0.93
0.93
0.93
0.93
0.94
0.94
0.94
0.94
0.02
0.93
0.92
0.94
0.94
0.93
0.94
0.04
0.91
0.92
0.94
0.93
0.32
0.92
0.92
0.93
0.00
0.92
0.93
0.93
0.92
0.33
0.93
0.44
0.93
0.95
0.92
0.92
0.93
0.92
0.93
0.94
0.94
0.12
0.92
0.92
0.08
0.94
0.93
0.62
0.93
0.93
0.92
0.93
0.93
0.92
0.94
0.93
0.93
0.94
0.94
0.92
0.92
0.92
0.93
0.93
0.93
0.92
0.92
0.95
0.93
0.92
0.95
0.92
0.94
0.92
0.94
0.93
0.93
0.94
0.93
0.93
0.92
0.92
0.93
0.92
0.94
0.38
0.92
0.93
0.92
0.56
0.94
0.91
0.93
0.93
0.93
0.92
0.92
0.93
0.92
0.92
0.92
0.92
0.93
0.92
0.93
0.93
0.92
0.92
0.94
0.93
0.92
0.92
0.92
0.92
0.93
0.92
0.93
0.92
0.93
0.93
0.94
0.92
0.92
0.92
0.92
0.93
0.92
0.92
0.92
0.92
0.93
0.92
0.92
0.08
0.92
0.08
0.92
0.92
0.92
0.92
0.93
0.07
0.09
0.92
0.93
0.93
0.93
0.93
0.92
0.92
0.93
0.93
0.92
0.93
0.93
0.93
0.34
0.93
0.93
0.93
0.93
0.93
0.92
0.94
0.93
0.93
0.92
0.94
0.94
0.92
0.92
0.93
0.94
0.93
0.94
0.94
0.92
0.92
0.92
0.92
0.93
0.92
0.93
0.98
0.93
0.95
0.94
0.99
0.01
1.24
1.01
0.98
0.98
1.00
0.98
0.98
0.28
0.98
0.95
1.02
1.09
0.00
1.09
0.96
1.09
1.28
1.18
1.01
0.99
0.97
1.21
1.06
1.01
1.06
0.98
0.97
0.96
0.97
0.96
0.96
1.01
0.99
0.95
0.12
0.94
0.94
0.97
0.95
0.95
0.98
0.95
0.97
0.94
0.55
0.94
0.93
0.93
1.01
1.03
0.96
0.11
0.18
0.95
0.94
0.93
0.92
0.94
0.95
0.95
0.95
0.93
0.93
0.91
0.91
0.95
0.94
0.91
0.95
0.93
0.93
0.94
0.91
0.94
0.96
0.95
1.00
0.97
0.94
0.94
0.96
1.04
0.96
0.93
0.98
0.00
1.01
0.94
0.94
0.94
0.94
0.94
0.95
0.94
0.97
0.96
0.95
0.93
0.93
0.95
0.44
0.95
0.95
0.97
0.32
0.97
0.96
0.96
0.96
0.96
0.96
1.02
0.94
0.93
0.95
0.97
0.92
0.95
0.95
0.97
0.92
1.13
0.96
0.95
0.95
0.93
0.94
0.94
0.95
1.01
0.96
0.96
0.93
0.92
0.93
0.94
0.93
0.92
0.93
0.09
0.97
0.93
0.94
0.96
0.97
0.93
0.93
0.94
0.93
0.20
0.92
0.96
0.93
0.96
0.92
0.97
0.95
0.97
0.95
0.97
0.93
0.29
0.94
0.92
0.92
0.92
0.91
0.92
0.93
0.95
0.94
0.93
0.93
0.93
0.93
0.96
0.92
0.96
0.92
0.92
0.94
0.93
0.92
0.97
0.92
0.95
0.93
0.18
0.91
0.93
0.93
0.94
0.93
0.96
0.15
0.93
0.95
0.94
0.93
0.93
0.95
0.98
0.96
0.99
0.26
0.94
0.94
0.92
0.95
0.94
0.93
0.95
0.94
0.96
0.96
0.93
0.92
0.98
0.07
0.93
0.02
0.04
0.40
0.93
0.93
0.82
0.12
0.93
0.00
0.15
0.91
0.00
0.93
0.91
0.25
0.25
0.93
0.02
0.92
0.94
0.01
0.94
0.21
0.93
0.00
0.24
0.94
0.24
0.92
0.92
0.45
0.21
0.95
0.94
0.98
0.33
0.93
0.93
0.95
0.44
0.93
0.66
0.03
1.44
0.93
0.93
0.93
0.93
0.92
0.91
0.92
0.92
0.02
0.92
0.93
0.92
0.55
0.93
0.94
0.92
0.92
0.94
0.95
1.02
0.96
0.96
0.94
0.95
0.97
1.01
0.95
0.94
0.92
0.95
0.94
0.94
0.93
0.94
0.34
0.62
0.40
0.92
0.92
1.46
0.09
0.63
0.00
1.52
1.45
1.45
1.61
1.51
1.51
1.48
1.44
1.47
1.48
1.42
1.50
0.02
1.46
1.45
1.47
1.42
1.47
1.45
0.06
1.53
1.47
1.43
1.45
0.50
1.55
1.39
1.59
0.01
1.48
1.59
1.34
1.47
0.48
1.50
0.62
1.40
1.43
1.44
1.37
1.43
1.44
1.42
1.49
1.43
0.19
1.46
1.49
0.16
1.47
1.56
1.13
2.02
2.17
2.07
2.09
2.20
2.14
2.29
2.21
2.08
0.76